1 0.729688 0.261719 0.487500 0.198437
1 0.789844 0.107813 0.173437 0.128125
1 0.902344 0.260937 0.195312 0.131250
1 0.764844 0.417969 0.232813 0.185938
1 0.920312 0.408594 0.159375 0.176563
1 0.610156 0.456250 0.323437 0.237500
1 0.396094 0.232813 0.095312 0.118750
1 0.521875 0.135937 0.168750 0.190625
1 0.396094 0.089063 0.151562 0.131250
1 0.651563 0.078906 0.134375 0.107813
1 0.335156 0.407031 0.192188 0.267188
1 0.274219 0.282031 0.148438 0.110937
1 0.179688 0.406250 0.134375 0.209375
1 0.095312 0.379688 0.118750 0.121875
1 0.107031 0.276562 0.179688 0.128125
1 0.198437 0.175000 0.187500 0.156250
1 0.165625 0.063281 0.196875 0.095312
1 0.077344 0.171875 0.101562 0.125000
