3 0.515625 0.455469 0.103125 0.085938
3 0.485156 0.553906 0.104688 0.067187
3 0.168750 0.419531 0.100000 0.070312
3 0.166406 0.485156 0.117188 0.067187
3 0.171875 0.575000 0.100000 0.075000
3 0.071094 0.599219 0.101562 0.073438
3 0.403906 0.850781 0.085938 0.073438
3 0.183594 0.921094 0.092188 0.085938
3 0.480469 0.228125 0.070312 0.090625
3 0.592969 0.232031 0.085938 0.079687
3 0.557813 0.356250 0.065625 0.075000
3 0.637500 0.421094 0.062500 0.079687
3 0.267188 0.260156 0.068750 0.064062
3 0.317969 0.304688 0.067187 0.084375
3 0.159375 0.175781 0.087500 0.057813
3 0.139063 0.067187 0.084375 0.068750
