3 0.396875 0.301563 0.062500 0.068750
3 0.532813 0.379688 0.081250 0.087500
3 0.145313 0.539062 0.084375 0.062500
3 0.168750 0.600781 0.056250 0.054688
3 0.189062 0.703125 0.062500 0.059375
3 0.275000 0.770312 0.053125 0.062500
3 0.267969 0.822656 0.060937 0.048438
3 0.533594 0.590625 0.060937 0.056250
3 0.422656 0.474219 0.085938 0.054688
3 0.549219 0.669531 0.048438 0.060937
3 0.586719 0.706250 0.045312 0.046875
3 0.507031 0.798438 0.073438 0.056250
3 0.074219 0.828906 0.067187 0.045312
3 0.028906 0.545312 0.042188 0.043750
3 0.621875 0.503906 0.046875 0.029687
3 0.641406 0.475781 0.035937 0.032813
